00000000000000000000000000000000000000000000000000000000000000000000000000000000000000000000000000011100000000000000000000000000000000000000000000000000000000000000000000000000000000000000000000000000
00000000000000000000000000000000000000000000000000000000000000000000000000000000000000000000000001110111000000000000000000000000000000000000000000000000000000000000000000000000000000000000000000000000
00000000000000000000000000000000000000000000000000000000000000000000000000000000000000000000000111011101110000000000000000000000000000000000000000000000000000000000000000000000000000000000000000000000
00000000000000000000000000000000000000000000000000000000000000000000000000000000000000000000011101110111011100000000000000000000000000000000000000000000000000000000000000000000000000000000000000000000
00000000000000000000000000000000000000000000000000000000000000000000000000000000000000000001110111011101110111000000000000000000000000000000000000000000000000000000000000000000000000000000000000000000
00000000000000000000000000000000000000000000000000000000000000000000000000000000000000000111011101110111011101110000000000000000000000000000000000000000000000000000000000000000000000000000000000000000
00000000000000000000000000000000000000000000000000000000000000000000000000000000000000011101110111011101110111011100000000000000000000000000000000000000000000000000000000000000000000000000000000000000
00000000000000000000000000000000000000000000000000000000000000000000000000000000000001110111011101110111011101110111000000000000000000000000000000000000000000000000000000000000000000000000000000000000
00000000000000000000000000000000000000000000000000000000000000000000000000000000000111011101110111011101110111011101110000000000000000000000000000000000000000000000000000000000000000000000000000000000
00000000000000000000000000000000000000000000000000000000000000000000000000000000011101110111011101110111011101110111011100000000000000000000000000000000000000000000000000000000000000000000000000000000
00000000000000000000000000000000000000000000000000000000000000000000000000000001110111011101110111011101110111011101110111000000000000000000000000000000000000000000000000000000000000000000000000000000
00000000000000000000000000000000000000000000000000000000000000000000000000000111011101110111011101110111011101110111011101110000000000000000000000000000000000000000000000000000000000000000000000000000
00000000000000000000000000000000000000000000000000000000000000000000000000011101110111011101110111011101110111011101110111011100000000000000000000000000000000000000000000000000000000000000000000000000
00000000000000000000000000000000000000000000000000000000000000000000000001110111011101110111011101110111011101110111011101110111000000000000000000000000000000000000000000000000000000000000000000000000
00000000000000000000000000000000000000000000000000000000000000000000000111011101110111011101110111011101110111011101110111011101110000000000000000000000000000000000000000000000000000000000000000000000
00000000000000000000000000000000000000000000000000000000000000000000011101110111011101110111011101110111011101110111011101110111011100000000000000000000000000000000000000000000000000000000000000000000
00000000000000000000000000000000000000000000000000000000000000000001110111011101110111011101110111011101110111011101110111011101110111000000000000000000000000000000000000000000000000000000000000000000
00000000000000000000000000000000000000000000000000000000000000000111011101110111011101110111011101110111011101110111011101110111011101110000000000000000000000000000000000000000000000000000000000000000
00000000000000000000000000000000000000000000000000000000000000011101110111011101110111011101110111011101110111011101110111011101110111011100000000000000000000000000000000000000000000000000000000000000
00000000000000000000000000000000000000000000000000000000000001110111011101110111011101110111011101110111011101110111011101110111011101110111000000000000000000000000000000000000000000000000000000000000
00000000000000000000000000000000000000000000000000000000000111011101110111011101110111011101110111011101110111011101110111011101110111011101110000000000000000000000000000000000000000000000000000000000
00000000000000000000000000000000000000000000000000000000011101110111011101110111011101110111011101110111011101110111011101110111011101110111011100000000000000000000000000000000000000000000000000000000
00000000000000000000000000000000000000000000000000000001110111011101110111011101110111011101110111011101110111011101110111011101110111011101110111000000000000000000000000000000000000000000000000000000
00000000000000000000000000000000000000000000000000000111011101110111011101110111011101110111011101110111011101110111011101110111011101110111011101110000000000000000000000000000000000000000000000000000
00000000000000000000000000000000000000000000000000011101110111011101110111011101110111011101110111011101110111011101110111011101110111011101110111011100000000000000000000000000000000000000000000000000
00000000000000000000000000000000000000000000000001110111011101110111011101110111011101110111011101110111011101110111011101110111011101110111011101110111000000000000000000000000000000000000000000000000
00000000000000000000000000000000000000000000000111011101110111011101110111011101110111011101110111011101110111011101110111011101110111011101110111011101110000000000000000000000000000000000000000000000
00000000000000000000000000000000000000000000011101110111011101110111011101110111011101110111011101110111011101110111011101110111011101110111011101110111011100000000000000000000000000000000000000000000
00000000000000000000000000000000000000000001110111011101110111011101110111011101110111011101110111011101110111011101110111011101110111011101110111011101110111000000000000000000000000000000000000000000
00000000000000000000000000000000000000000111011101110111011101110111011101110111011101110111011101110111011101110111011101110111011101110111011101110111011101110000000000000000000000000000000000000000
00000000000000000000000000000000000000011101110111011101110111011101110111011101110111011101110111011101110111011101110111011101110111011101110111011101110111011100000000000000000000000000000000000000
00000000000000000000000000000000000001110111011101110111011101110111011101110111011101110111011101110111011101110111011101110111011101110111011101110111011101110111000000000000000000000000000000000000
00000000000000000000000000000000000111011101110111011101110111011101110111011101110111011101110111011101110111011101110111011101110111011101110111011101110111011101110000000000000000000000000000000000
00000000000000000000000000000000011101110111011101110111011101110111011101110111011101110111011101110111011101110111011101110111011101110111011101110111011101110111011100000000000000000000000000000000
00000000000000000000000000000001110111011101110111011101110111011101110111011101110111011101110111011101110111011101110111011101110111011101110111011101110111011101110111000000000000000000000000000000
00000000000000000000000000000111011101110111011101110111011101110111011101110111011101110111011101110111011101110111011101110111011101110111011101110111011101110111011101110000000000000000000000000000
00000000000000000000000000011101110111011101110111011101110111011101110111011101110111011101110111011101110111011101110111011101110111011101110111011101110111011101110111011100000000000000000000000000
00000000000000000000000001110111011101110111011101110111011101110111011101110111011101110111011101110111011101110111011101110111011101110111011101110111011101110111011101110111000000000000000000000000
00000000000000000000000111011101110111011101110111011101110111011101110111011101110111011101110111011101110111011101110111011101110111011101110111011101110111011101110111011101110000000000000000000000
00000000000000000000011101110111011101110111011101110111011101110111011101110111011101110111011101110111011101110111011101110111011101110111011101110111011101110111011101110111011100000000000000000000
00000000000000000001110111011101110111011101110111011101110111011101110111011101110111011101110111011101110111011101110111011101110111011101110111011101110111011101110111011101110111000000000000000000
00000000000000000111011101110111011101110111011101110111011101110111011101110111011101110111011101110111011101110111011101110111011101110111011101110111011101110111011101110111011101110000000000000000
00000000000000011101110111011101110111011101110111011101110111011101110111011101110111011101110111011101110111011101110111011101110111011101110111011101110111011101110111011101110111011100000000000000
00000000000001110111011101110111011101110111011101110111011101110111011101110111011101110111011101110111011101110111011101110111011101110111011101110111011101110111011101110111011101110111000000000000
00000000000111011101110111011101110111011101110111011101110111011101110111011101110111011101110111011101110111011101110111011101110111011101110111011101110111011101110111011101110111011101110000000000
00000000011101110111011101110111011101110111011101110111011101110111011101110111011101110111011101110111011101110111011101110111011101110111011101110111011101110111011101110111011101110111011100000000
00000001110111011101110111011101110111011101110111011101110111011101110111011101110111011101110111011101110111011101110111011101110111011101110111011101110111011101110111011101110111011101110111000000
00000111011101110111011101110111011101110111011101110111011101110111011101110111011101110111011101110111011101110111011101110111011101110111011101110111011101110111011101110111011101110111011101110000
00011101110111011101110111011101110111011101110111011101110111011101110111011101110111011101110111011101110111011101110111011101110111011101110111011101110111011101110111011101110111011101110111011100
01110111011101110111011101110111011101110111011101110111011101110111011101110111011101110111011101110111011101110111011101110111011101110111011101110111011101110111011101110111011101110111011101110111
11011101110111011101110111011101110111011101110111011101110111011101110111011101110111011101110111011101110111011101110111011101110111011101110111011101110111011101110111011101110111011101110111011101
01110111011101110111011101110111011101110111011101110111011101110111011101110111011101110111011101110111011101110111011101110111011101110111011101110111011101110111011101110111011101110111011101110111
11011101110111011101110111011101110111011101110111011101110111011101110111011101110111011101110111011101110111011101110111011101110111011101110111011101110111011101110111011101110111011101110111011101
01110111011101110111011101110111011101110111011101110111011101110111011101110111011101110111011101110111011101110111011101110111011101110111011101110111011101110111011101110111011101110111011101110111
11011101110111011101110111011101110111011101110111011101110111011101110111011101110111011101110111011101110111011101110111011101110111011101110111011101110111011101110111011101110111011101110111011101
01110111011101110111011101110111011101110111011101110111011101110111011101110111011101110111011101110111011101110111011101110111011101110111011101110111011101110111011101110111011101110111011101110111
11011101110111011101110111011101110111011101110111011101110111011101110111011101110111011101110111011101110111011101110111011101110111011101110111011101110111011101110111011101110111011101110111011101
01110111011101110111011101110111011101110111011101110111011101110111011101110111011101110111011101110111011101110111011101110111011101110111011101110111011101110111011101110111011101110111011101110111
11011101110111011101110111011101110111011101110111011101110111011101110111011101110111011101110111011101110111011101110111011101110111011101110111011101110111011101110111011101110111011101110111011101
01110111011101110111011101110111011101110111011101110111011101110111011101110111011101110111011101110111011101110111011101110111011101110111011101110111011101110111011101110111011101110111011101110111
11011101110111011101110111011101110111011101110111011101110111011101110111011101110111011101110111011101110111011101110111011101110111011101110111011101110111011101110111011101110111011101110111011101
01110111011101110111011101110111011101110111011101110111011101110111011101110111011101110111011101110111011101110111011101110111011101110111011101110111011101110111011101110111011101110111011101110111
11011101110111011101110111011101110111011101110111011101110111011101110111011101110111011101110111011101110111011101110111011101110111011101110111011101110111011101110111011101110111011101110111011101
01110111011101110111011101110111011101110111011101110111011101110111011101110111011101110111011101110111011101110111011101110111011101110111011101110111011101110111011101110111011101110111011101110111
11011101110111011101110111011101110111011101110111011101110111011101110111011101110111011101110111011101110111011101110111011101110111011101110111011101110111011101110111011101110111011101110111011101
01110111011101110111011101110111011101110111011101110111011101110111011101110111011101110111011101110111011101110111011101110111011101110111011101110111011101110111011101110111011101110111011101110111
11011101110111011101110111011101110111011101110111011101110111011101110111011101110111011101110111011101110111011101110111011101110111011101110111011101110111011101110111011101110111011101110111011101
01110111011101110111011101110111011101110111011101110111011101110111011101110111011101110111011101110111011101110111011101110111011101110111011101110111011101110111011101110111011101110111011101110111
11011101110111011101110111011101110111011101110111011101110111011101110111011101110111011101110111011101110111011101110111011101110111011101110111011101110111011101110111011101110111011101110111011101
01110111011101110111011101110111011101110111011101110111011101110111011101110111011101110111011101110111011101110111011101110111011101110111011101110111011101110111011101110111011101110111011101110111
11011101110111011101110111011101110111011101110111011101110111011101110111011101110111011101110111011101110111011101110111011101110111011101110111011101110111011101110111011101110111011101110111011101
01110111011101110111011101110111011101110111011101110111011101110111011101110111011101110111011101110111011101110111011101110111011101110111011101110111011101110111011101110111011101110111011101110111
11011101110111011101110111011101110111011101110111011101110111011101110111011101110111011101110111011101110111011101110111011101110111011101110111011101110111011101110111011101110111011101110111011101
01110111011101110111011101110111011101110111011101110111011101110111011101110111011101110111011101110111011101110111011101110111011101110111011101110111011101110111011101110111011101110111011101110111
11011101110111011101110111011101110111011101110111011101110111011101110111011101110111011101110111011101110111011101110111011101110111011101110111011101110111011101110111011101110111011101110111011101
01110111011101110111011101110111011101110111011101110111011101110111011101110111011101110111011101110111011101110111011101110111011101110111011101110111011101110111011101110111011101110111011101110111
11011101110111011101110111011101110111011101110111011101110111011101110111011101110111011101110111011101110111011101110111011101110111011101110111011101110111011101110111011101110111011101110111011101
01110111011101110111011101110111011101110111011101110111011101110111011101110111011101110111011101110111011101110111011101110111011101110111011101110111011101110111011101110111011101110111011101110111
11011101110111011101110111011101110111011101110111011101110111011101110111011101110111011101110111011101110111011101110111011101110111011101110111011101110111011101110111011101110111011101110111011101
01110111011101110111011101110111011101110111011101110111011101110111011101110111011101110111011101110111011101110111011101110111011101110111011101110111011101110111011101110111011101110111011101110111
11011101110111011101110111011101110111011101110111011101110111011101110111011101110111011101110111011101110111011101110111011101110111011101110111011101110111011101110111011101110111011101110111011101
01110111011101110111011101110111011101110111011101110111011101110111011101110111011101110111011101110111011101110111011101110111011101110111011101110111011101110111011101110111011101110111011101110111
11011101110111011101110111011101110111011101110111011101110111011101110111011101110111011101110111011101110111011101110111011101110111011101110111011101110111011101110111011101110111011101110111011101
01110111011101110111011101110111011101110111011101110111011101110111011101110111011101110111011101110111011101110111011101110111011101110111011101110111011101110111011101110111011101110111011101110111
11011101110111011101110111011101110111011101110111011101110111011101110111011101110111011101110111011101110111011101110111011101110111011101110111011101110111011101110111011101110111011101110111011101
01110111011101110111011101110111011101110111011101110111011101110111011101110111011101110111011101110111011101110111011101110111011101110111011101110111011101110111011101110111011101110111011101110111
11011101110111011101110111011101110111011101110111011101110111011101110111011101110111011101110111011101110111011101110111011101110111011101110111011101110111011101110111011101110111011101110111011101
01110111011101110111011101110111011101110111011101110111011101110111011101110111011101110111011101110111011101110111011101110111011101110111011101110111011101110111011101110111011101110111011101110111
11011101110111011101110111011101110111011101110111011101110111011101110111011101110111011101110111011101110111011101110111011101110111011101110111011101110111011101110111011101110111011101110111011101
01110111011101110111011101110111011101110111011101110111011101110111011101110111011101110111011101110111011101110111011101110111011101110111011101110111011101110111011101110111011101110111011101110111
11011101110111011101110111011101110111011101110111011101110111011101110111011101110111011101110111011101110111011101110111011101110111011101110111011101110111011101110111011101110111011101110111011101
01110111011101110111011101110111011101110111011101110111011101110111011101110111011101110111011101110111011101110111011101110111011101110111011101110111011101110111011101110111011101110111011101110111
11011101110111011101110111011101110111011101110111011101110111011101110111011101110111011101110111011101110111011101110111011101110111011101110111011101110111011101110111011101110111011101110111011101
01110111011101110111011101110111011101110111011101110111011101110111011101110111011101110111011101110111011101110111011101110111011101110111011101110111011101110111011101110111011101110111011101110111
11011101110111011101110111011101110111011101110111011101110111011101110111011101110111011101110111011101110111011101110111011101110111011101110111011101110111011101110111011101110111011101110111011101
01110111011101110111011101110111011101110111011101110111011101110111011101110111011101110111011101110111011101110111011101110111011101110111011101110111011101110111011101110111011101110111011101110111
11011101110111011101110111011101110111011101110111011101110111011101110111011101110111011101110111011101110111011101110111011101110111011101110111011101110111011101110111011101110111011101110111011101
01110111011101110111011101110111011101110111011101110111011101110111011101110111011101110111011101110111011101110111011101110111011101110111011101110111011101110111011101110111011101110111011101110111
11011101110111011101110111011101110111011101110111011101110111011101110111011101110111011101110111011101110111011101110111011101110111011101110111011101110111011101110111011101110111011101110111011101
01110111011101110111011101110111011101110111011101110111011101110111011101110111011101110111011101110111011101110111011101110111011101110111011101110111011101110111011101110111011101110111011101110111
