1111111111111111111111111111111111111111111111111100111111111111111111111111111111111111111111111111
1111111111111111111111111111111111111111111111111001101111111111111111111111111111111111111111111111
1111111111111111111111111111111111111111111111110010100011111111111111111111111111111111111111111111
1111111111111111111111111111111111111111111111100001111010111111111111111111111111111111111111111111
1111111111111111111111111111111111111111111111001001010011001111111111111111111111111111111111111111
1111111111111111111111111111111111111111111110000100111101011011111111111111111111111111111111111111
1111111111111111111111111111111111111111111100101011101001111000111111111111111111111111111111111111
1111111111111111111111111111111111111111111000011100001111010010101111111111111111111111111111111111
1111111111111111111111111111111111111111110010010001001010011001110011111111111111111111111111111111
1111111111111111111111111111111111111111100001001110100111101011000110111111111111111111111111111111
1111111111111111111111111111111111111111001010111000111101001111010010001111111111111111111111111111
1111111111111111111111111111111111111110000111000010101001111010011001101011111111111111111111111111
1111111111111111111111111111111111111100100100010101111111010011101010101100111111111111111111111111
1111111111111111111111111111111111111000010011101110011110011110001111111101101111111111111111111111
1111111111111111111111111111111111110010101110000000110100110100101011111001100011111111111111111111
1111111111111111111111111111111111100001110000100000010111010110011100110010101010111111111111111111
1111111111111111111111111111111111001001000101011000101000011110110001010001111111001111111111111111
1111111111111111111111111111111110000100111011111011011110010100110110111101011110011011111111111111
1111111111111111111111111111111100101011100000110011000100001111010110001001100100101000111111111111
1111111111111111111111111111111000011100001000010101011011001010011110110110100010011110101111111111
1111111111111111111111111111110010010001010110101111111011000111110100110110111101110100110011111111
1111111111111111111111111111100001001110111110110011110011010101100111010110001000000111010110111111
1111111111111111111111111111001010111000001100110110100101011111101100011110110110000100011110001111
1111111111111111111111111110000111000010000101010110110011100111001101010100110110101011010100101011
1111111111111111111111111100100100010101101011111110110110001100010101111111010110111111011110011100
1111111111111111111111111000010011101111101100111100110110100101101110011110011110001110000100110001
1111111111111111111111110010101110000011001101101001010110110011100000110100110100101000101011010110
1111111111111111111111100001110000100001010101101100111110110110001000010111010110011111011111011110
1111111111111111111111001001000101011010111111101101101100110110110110101000011110110110000110000100
1111111111111111111110000100111011111011001111001101101101010110110110111110010100110110100010101011
1111111111111111111100101011100000110011011010010101101101111110110110001100001111010110111101111100
1111111111111111111000011100001000010101011011001111101100011100110110100101001010011110001000011001
1111111111111111110010010001010110101111111011011011001101010001010110110011100111110100110110001000
1111111111111111100001001110111110110011110011011011010101111110111110110110001101100111010110110100
1111111111111111001010111000001100110110100101011011011110011100001100110110100101101100011110110111
1111111111111110000111000010000101010110110011111011000100110001000101010110110011101101010100110001
1111111111111100100100010101101011111110110110110011011011010110111011111110110110001101111111010110
1111111111111000010011101111101100111100110110110101011011011110000000111100110110100100011110011110
1111111111110010101110000011001101101001010110110111111011000100100000101001010110110011010100110100
1111111111100001110000100001010101101100111110110001110011011010011001011100111110110101011111010111
1111111111001001000101011010111111101101101100110101000101011011101000100001101100110111100110011001
1111111110000100111011111011001111001101101101010111111011111000001111011000101101010001001010101000
1111111100101011100000110011011010010101101101111001110000110010001010011011011101111110100111111100
1111111000011100001000010101011011001111101100010011000100010001110111101011000000011100111101111001
1111110010010001010110101111111011011011001101101101011011101101000001001111010000010001101000010000
1111100001001110111110110011110011011011010101101101111000001101110010111010011100101100101110101110
1111001010111000001100110110100101011011011111101100010010000100000001000011110000011100010000110000
1110000111000010000101010110110011111011000111001101101001101011000010110010100100010001101100010110
1100100100010101101011111110110110110011010100010101101110101111010101110001110011101100101101101110
1000010011101111101100111100110110110101011111101111100000110010011110000101000110001100011101100000
1110101110000011001101101001010110110111100111000011001000010001110100101011110010100101010001101010
1100110000100001010101101100111110110001001100010001000110101101000110011100100001110011111100101111
1001010101011010111111101101101100110110110101101110110010111101110010110000011001000110111000010011
1100111111111011001111001101101101010110110111100000110001001000000001110100001000110010000010101110
1001101111110011011010010101101101111110110001001000010110100110000001000111010110010001100101110000
1110100011100101011011001111101100011100110110100110101110111010100010110100011110001100100010000110
1100111010000011111011011011001101010001010110111010110000000011111101110111010100100100011101100010
1001100011100010110011011011010101111110111110000011110100000010111000000000011110010011010001101101
1110101010001101110101011011011110011100001100100010100111000101000010000000010100001101011100101101
1100111111100100000111111011000100110001000100011101111100011011110101100000101111000101100000011101
1001101111000011000101110011011011010110111011010000011001001000100111101001010010011011101000010001
1110100010010001011010000101011011011110000011011100001000100111011101001100111001101000001110101110
1100111101001110111011101011111011000100100001000001010111011100000001110101100010101110001000110000
1001101001111000000000001100110011011010011010110010111000000001000001000111101101110000110110010110
1110101111010010000000000101010101011011101011110001000010000010110010110101001100000100010110001110
1100110010011001100000001011111111111000001100100110110101100101110001110111110101001011101110101000
1001010001101010101000010100111111110010000100011010110111100010000101000001100111100100000000111100
1100111100101111111110101111101111100001101011001011110001001101101011110000101101000011000000101001
1001101000010011111100110011000011001000101111000100100110110101101100100101011101110001010001011100
1110101110101110111001010101010001000111010010011010011010110111101100010011100000000110111110100001
1100110000110000000000111111111110110100011001101011101011110001001101101110001000000010001100111010
1001010100010100000000101111111100110111001010101100001100100110110101100000110110000101100101100011
1100111111101111000001010011111001010000000111111101000100011010110111101000010110101011100011101010
1001101111000010010010111110110000111100000101111001111011001011110001001110101110111100001010001111
1110100010010101001001001100110100101001001010010011010011000100100110111000110000001001010111101011
1100111101001111100100110101010110011100100111001101011101011010011010000010010100010100111001001100
1001101001111011000011010111111110110000011100010101100001111011101011100101001111101111100000110101
1110101111010011010001011001111100110100010001101111101001010000001100000011111011000011001000010111
1100110010011101011110111011011001010111101100100011001100111100000101000010110011010001000110101001
1001010001110001100100000011011000111001001100011001010101101001001011110101110101011110110010111100
1100111101000100100011000001011010100000110101001000111111101100100100100110000111100100110001001001
1001101001111010011001010010111011111000010111100110101111001100010010011010100101000011010110100100
1110101111010011101000111001000000110010101001001010110010010101101001101011110011110001011110110011
1100110010011110001110100000110000010001111100100111110001001111101110101100100110100110100100110110
1001010001110100101000111000010100101101011000011101100110111011000000111100011010111010110011010110
1100111101000110011110100010101110011101111010010001101010000011010000101001001011000011110101011110
1001101001110010110100111101110000110000010011001100101111100001011101011100100111010010100111100100
1110101111000001110111101000000100010100101101010100010011001010100001100000011100011001111101000011
1100110010010001000001001110001011101110011101111111101101000111111000101000010001001011011001110010
1001010001001110110010111000110100000000110000011111001101110101110011011110101110100111011011000001
1100111110111000110001000010010111000000010100010110010100000110000101000100110000111100011011010010
1001101100000010010110110101001000010000101111101110001111000010101011111011010100101001001011011001
1110101101000101001110110111100110101101010011000000101010010101111100110011011110011100100111011000
1100111101111011111000110001001010111101111101010001011111001110011001010101000100110000011100011000
1001101000010000110010010110100111001000011001111110100110011000101000111111111011010100010001001000
1110101110101100010001001110111100000110001011011100111010101011011110101111110011011111101110100100
1100110000111101101110111000001001000010110111000001100011111111000100110011100101000111000000110011
1001010100101001100000000010010100110101110000010000101010111110011011010110000011110100010000010110
1100111110011110101000000101001111010110000100101101011111001100101011011110100010100111101100101110
1001101100110100111110001011111010011110101010011101100110010100011111000100111101111101001100010000
1110101101010111101100110100110011110100111111110001101010001111010110011011101000011001110101101110
1100111101111001001101010111010110100111101111100100101111101010011110101000001110001011000111100000
1001101000010000110101111000011110111101000011000010010011001111110100111110001000110111010101001010
1110101110101100010110010010010100001001110001010101001101011011100111101100110110010000011111100111
1100110000111101101110001001001111010111000110111111110101111000001101001101010110001100010111001101
1001010100101001100000110100111010011000010010001111100110010010000101110101111110100101101000010101
1100111110011110101000010111100011101010101001101011001010001001101010000110011100110011101110101111
1001101100110100111110101001001010001111111110101111000111110110101111100010110001010110000000110011
1110101101010111101100111100100111101011111100110010010101100110110011001101110110111110100000010110
1100111101111001001101101000011101001100111001010001001111101010110101010100000110001100111000101110
1001101000010000110101101110010001110101100000111110111011001111110111111111000010100101100011010000
1110101110101100010111100000001101000111101000101100000011011011100001111110010101110011101001011110
1100110000111101101001001000000101110101001111011101000001011000001001011100001110000110001100100100
1001010100101001101100100110001010000111111010000001110010111010010100100001001000100010100100010011
1100111110011110101100011010110111100101110011100001000001000011001110011010100111011101110011101110
1001101100110100111101001011110001000010000110001010110010110001011000101011111100000000000110000000
1110101101010111101001100100100110110101100010110111110001110110111011011100111001000000000010100010
1100111101111001001110100010011010110111101101110001100101000110000011000001100000110000000101111101
1001101000010000111000111101101011110001001100000100100011110010100001010000101000010100001010011001
1110101110101100100010101001101100100110110101001010011010100001111010111101011110101111010111101000
1100110000111100011101111110101100011010110111100111101011111001010011001001100100110010011001001100
1001010100101001010000011100111101001011110001001101001100110000111101000110100011010001101000110101
1100111110011100111100010001101001100100100110110101110101010100101001110010111001011100101110010111
1001101100110001101001101100101110100010011010110110000111111110011111000001000000100000010000001001
1110101101010100101110101100010000111101101011110110100101111100110110010010110001011000101100010100
1100111101111110010000111101101100101001101100100110110010011001010110001001110110111011011101101111
1001101000011100001100101001101100011110101100011010110001101000111110110111000110000011000001100011
1110101110010001000100011110101101010100111101001011110100101110101100110000010010100001010000101010
1100110000001110111011010100111101111111101001100100100110010000111101010100101001111010111101011111
1001010100001000000011011111101000011111001110100010011010001100101001111110011111010011001001100111
1100111111010110000001000111001110010110011000111101101011100100011111011100110110011101000110101101
1001101110011110100010110100011000001110101010101001101100000011010110000001010110110001110010111101
1110100000110100111101110111001010001000111111111110101101000001011110100010111110110101000001001001
1100111000010111101000000000000111110110101111111100111101110010100100111101001100110111110010100100
1001100010101001001110000000000101100110110011111001101000000001110011101001110101010001100001110011
1110101101111100111000100000001011101010110110110010101110000001000110001111000111111100101001000110
1100111100011001100011011000010100001111110110110001110000100010110010101010010101111000011100110010
1001101001001010101001011010101111001011100110110101000101011101110001111111001110010010010001010001
1110101100100111111100111011110010000100001010110111111011100000000101011110011000001001001110111110
1100111100011101111001100000100001101011010111110001110000001000001011100100101010010100111000001100
1001101001010000010010101001011000101111011001100101000100010110010100000010011111001111100010000101
1110101100111100101001111100111011010010011010100011111011101110001111000101110110011011001101101011
1100111101101000011111011001100011011001101011111010110000000000101010011010000110101011010101101100
1001101001101110010110011010101001011010101100110011110100000001011111101011100010111111011111101101
1110101110100000001110101011111100111011111101010110100111000010100111001100001101001110000111001101
1100110000111000001000111100111001100000111001111110111100010101111100010101000101111000100100010101
1001010100100010010110101001100010101000100011011100001001101110011001101111111010010011010011101111
1100111110011101001110111110101101111111011001000001010110100000101010100011110011001101011110000011
1001101100110001111000001100111100011110011000110010111110111001011111111010100101010101100100100010
1110101101010101010010000101101001010100101010010001001100000000100111110011110011111111100010011101
1100111101111111111001101011101100111110011111001110110101000001011101100110100110111111001101110001
1001101000011111110010101100001101101100110110011000110111110010100001101010111010001110010100000110
1110101110010111100001111101000101101101010110101010010001100001111000101111000011101000001111000010
1100110000001001001001011001111011101101111110111111001100101001010011010010010010001110001010010101
1001010100010100100100111011010000001100011100001110010100011100111101011001001001101000110111001111
1100111111101110010011100011011100000101010001001000001111010001101001111000100110101110010000011011
1001101111000000001110001001000001001011111110100110001010011100101111010011011010110000001100001000
1110100010010000001000110100110010100100111100111010110111110000010010011101011011110100000101010100
1100111101001100010110010111010001110011101001100011110001100100101001110001111000100111001011111111
1001101001110101101110001000011101000110001110101010100100100010011111000101010011011100000100111111
1110101111000111100000110110010001110010101000111111110010011101110110011011111101000001001011101111
1100110010010101001000010110001101000001111110101111100001110000000110101000111001110010100100000011
1001010001001111100110101110100101110001011100110011001001000100000010111110100011000001110011000010
1100111110111011001010110000110010000110100001010101000100111011000101001100111001010001000101010101
1001101100000011000111110100010001100010111010111111111011100011011011110101100000111110111011111111
1110101101000001010101100111101100101101000011001111110000001001011000100111101000101100000000111111
1100111101110010111111101101001100011101110001011011100100010100111011011101001111011101000000101111
1001101000000001001111001101110101010000000110111000000011101111100011000001111010000001110001010011
1110101110000010111010010100000111111100000010000010000010000011001001010001010011100001000110111110
1100110000100101000011001111000101111001000101100101100101100001000100111110111110001010110010001100
1001010101010011110001011010011010010000111011100011100011101010111011101100001100110111110001100101
1100111111111110100110111011101011001100100000001010001010001111000000001101000101010001100100100011
1001101111111100111010000000001111010100011000010111110111101010010000000101111011111100100010011010
1110100011111001100011100000001010011111001010101001100001001111001100001010010000111000011101101011
1100111010110010101010001000010111110110000111111110101010111010010101010111001100100010010001101100
1001100011110001111111110110101001100110100101111100111111000011001111111000010100011101001100101101
1110101010100101011111100110111110101010110010011001101110010001011011110010101111010001110100011101
1100111111110011100111001010001100111111110001101010100000001110111000100001110010011101000111010001
1001101111100110001100000111100101101111100100101111111000001000000011011001000001110001110100011110
1110100011001010100101000101000011100011000010010011110010010110000001011000110001000101000111010100
1100111001000111110011111011110010001001010101001110100001001110100010111010010110111011110100011111
1001100000110101100110110000100001110100111111111000111010111000111101000011001110000000100111010111
1110101000010111101010110101011001000111101111110010100011000010101001110001011000100001011100011001
1100111110101001001111110111111000110101000011100001111001010101111111000110111011011010100001001000
1001101100111100111011100001110010010111110010001001010000111110011110010010000011011011111010100100
1110101101101001100000001001000001001001100001110100111100101100110100001001100001011000110011110011
1100111101101110101000010100110010100110101001000111101000011101010111010110101010111010010110100110
1001101001100000111110101111010001111010111100110101001110010001111000011110111111000011001110111010
1110101110101000101100110010011101010011001001010111111000001101010010010100001110010001011000000011
1100110000111111011101010001110001111101000100111001110010000101111001001111001000001110111010000010
1001010100101110000001111101000101011001111011100011000001101010010000111010000110001000000011100101
1100111110010000100001011001111011111011010000001001010000101111001100100011100010110110000010000011
1001101100001101011010111011010000110011011100010100111101010010010100011010001101110110100101100010
1110101101000101111011000011011100010101000001101111101001111001001111001011100100000110110011101101
1100111101111010010011010001000001101111110000100011001111010000111010000100000011000010110110001101
1001101000010011001101011110110000100011100101011001011010011100100011101011000001010101110110100101
1110101110101101010101100100110101011010000011111000111011110000011010001111010010111110000110110011
1100110000111101111111100011010111111011100010110010100000100100001011101010011001001100100010110110
1001010100101000011111001001011001110000001101110001111001010011010100001111101000110100011101110110
1100111110011110010110000100111011000100000100000101010000111101011111001011001110010111010000000110
