0000000000000000000000000000000000000000000000000101000000000000000000000000000000000000000000000000
0000000000000000000000000000000000000000000000010101010000000000000000000000000000000000000000000000
0000000000000000000000000000000000000000000001010000010100000000000000000000000000000000000000000000
0000000000000000000000000000000000000000000101010101010101000000000000000000000000000000000000000000
0000000000000000000000000000000000000000010100000000000001010000000000000000000000000000000000000000
0000000000000000000000000000000000000001010101000000000101010100000000000000000000000000000000000000
0000000000000000000000000000000000000101000001010000010100000101000000000000000000000000000000000000
0000000000000000000000000000000000010101010101010101010101010101010000000000000000000000000000000000
0000000000000000000000000000000001010000000000000000000000000000010100000000000000000000000000000000
0000000000000000000000000000000101010100000000000000000000000001010101000000000000000000000000000000
0000000000000000000000000000010100000101000000000000000000000101000001010000000000000000000000000000
0000000000000000000000000001010101010101010000000000000000010101010101010100000000000000000000000000
0000000000000000000000000101000000000000010100000000000001010000000000000101000000000000000000000000
0000000000000000000000010101010000000001010101000000000101010100000000010101010000000000000000000000
0000000000000000000001010000010100000101000001010000010100000101000001010000010100000000000000000000
0000000000000000000101010101010101010101010101010101010101010101010101010101010101000000000000000000
0000000000000000010100000000000000000000000000000000000000000000000000000000000001010000000000000000
0000000000000001010101000000000000000000000000000000000000000000000000000000000101010100000000000000
0000000000000101000001010000000000000000000000000000000000000000000000000000010100000101000000000000
0000000000010101010101010100000000000000000000000000000000000000000000000001010101010101010000000000
0000000001010000000000000101000000000000000000000000000000000000000000000101000000000000010100000000
0000000101010100000000010101010000000000000000000000000000000000000000010101010000000001010101000000
0000010100000101000001010000010100000000000000000000000000000000000001010000010100000101000001010000
0001010101010101010101010101010101000000000000000000000000000000000101010101010101010101010101010100
0101000000000000000000000000000001010000000000000000000000000000010100000000000000000000000000000101
0001010000000000000000000000000101010100000000000000000000000001010101000000000000000000000000010100
0101010100000000000000000000010100000101000000000000000000000101000001010000000000000000000001010101
0000000101000000000000000001010101010101010000000000000000010101010101010100000000000000000101000000
0000010101010000000000000101000000000000010100000000000001010000000000000101000000000000010101010000
0001010000010100000000010101010000000001010101000000000101010100000000010101010000000001010000010100
0101010101010101000001010000010100000101000001010000010100000101000001010000010100000101010101010101
0000000000000001010101010101010101010101010101010101010101010101010101010101010101010100000000000000
0000000000000101000000000000000000000000000000000000000000000000000000000000000000000101000000000000
0000000000010101010000000000000000000000000000000000000000000000000000000000000000010101010000000000
0000000001010000010100000000000000000000000000000000000000000000000000000000000001010000010100000000
0000000101010101010101000000000000000000000000000000000000000000000000000000000101010101010101000000
0000010100000000000001010000000000000000000000000000000000000000000000000000010100000000000001010000
0001010101000000000101010100000000000000000000000000000000000000000000000001010101000000000101010100
0101000001010000010100000101000000000000000000000000000000000000000000000101000001010000010100000101
0001010101010101010101010101010000000000000000000000000000000000000000010101010101010101010101010100
0101000000000000000000000000010100000000000000000000000000000000000001010000000000000000000000000101
0001010000000000000000000001010101000000000000000000000000000000000101010100000000000000000000010100
0101010100000000000000000101000001010000000000000000000000000000010100000101000000000000000001010101
0000000101000000000000010101010101010100000000000000000000000001010101010101010000000000000101000000
0000010101010000000001010000000000000101000000000000000000000101000000000000010100000000010101010000
0001010000010100000101010100000000010101010000000000000000010101010000000001010101000001010000010100
0101010101010101010100000101000001010000010100000000000001010000010100000101000001010101010101010101
0000000000000000000101010101010101010101010101000000000101010101010101010101010101000000000000000000
0000000000000000010100000000000000000000000001010000010100000000000000000000000001010000000000000000
0000000000000001010101000000000000000000000101010101010101000000000000000000000101010100000000000000
0000000000000101000001010000000000000000010100000000000001010000000000000000010100000101000000000000
0000000000010101010101010100000000000001010101000000000101010100000000000001010101010101010000000000
0000000001010000000000000101000000000101000001010000010100000101000000000101000000000000010100000000
0000000101010100000000010101010000010101010101010101010101010101010000010101010000000001010101000000
0000010100000101000001010000010101010000000000000000000000000000010101010000010100000101000001010000
0001010101010101010101010101010000010100000000000000000000000001010000010101010101010101010101010100
0101000000000000000000000000010101010101000000000000000000000101010101010000000000000000000000000101
0001010000000000000000000001010000000001010000000000000000010100000000010100000000000000000000010100
0101010100000000000000000101010100000101010100000000000001010101000001010101000000000000000001010101
0000000101000000000000010100000101010100000101000000000101000001010101000001010000000000000101000000
0000010101010000000001010101010100000101010101010000010101010101000001010101010100000000010101010000
0001010000010100000101000000000101010100000000010101010000000001010101000000000101000001010000010100
0101010101010101010101010000010100000101000001010000010100000101000001010000010101010101010101010101
0000000000000000000000010101010101010101010101010101010101010101010101010101010000000000000000000000
0000000000000000000001010000000000000000000000000000000000000000000000000000010100000000000000000000
0000000000000000000101010100000000000000000000000000000000000000000000000001010101000000000000000000
0000000000000000010100000101000000000000000000000000000000000000000000000101000001010000000000000000
0000000000000001010101010101010000000000000000000000000000000000000000010101010101010100000000000000
0000000000000101000000000000010100000000000000000000000000000000000001010000000000000101000000000000
0000000000010101010000000001010101000000000000000000000000000000000101010100000000010101010000000000
0000000001010000010100000101000001010000000000000000000000000000010100000101000001010000010100000000
0000000101010101010101010101010101010100000000000000000000000001010101010101010101010101010101000000
0000010100000000000000000000000000000101000000000000000000000101000000000000000000000000000001010000
0001010101000000000000000000000000010101010000000000000000010101010000000000000000000000000101010100
0101000001010000000000000000000001010000010100000000000001010000010100000000000000000000010100000101
0001010101010100000000000000000101010101010101000000000101010101010101000000000000000001010101010100
0101000000000101000000000000010100000000000001010000010100000000000001010000000000000101000000000101
0001010000010101010000000001010101000000000101010101010101000000000101010100000000010101010000010100
0101010101010000010100000101000001010000010100000000000001010000010100000101000001010000010101010101
0000000000010101010101010101010101010101010101000000000101010101010101010101010101010101010000000000
0000000001010000000000000000000000000000000001010000010100000000000000000000000000000000010100000000
0000000101010100000000000000000000000000000101010101010101000000000000000000000000000001010101000000
0000010100000101000000000000000000000000010100000000000001010000000000000000000000000101000001010000
0001010101010101010000000000000000000001010101000000000101010100000000000000000000010101010101010100
0101000000000000010100000000000000000101000001010000010100000101000000000000000001010000000000000101
0001010000000001010101000000000000010101010101010101010101010101010000000000000101010100000000010100
0101010100000101000001010000000001010000000000000000000000000000010100000000010100000101000001010101
0000000101010101010101010100000101010100000000000000000000000001010101000001010101010101010101000000
0000010100000000000000000101010100000101000000000000000000000101000001010101000000000000000001010000
0001010101000000000000010100000101010101010000000000000000010101010101000001010000000000000101010100
0101000001010000000001010101010100000000010100000000000001010000000001010101010100000000010100000101
0001010101010100000101000000000101000001010101000000000101010100000101000000000101000001010101010100
0101000000000101010101010000010101010101000001010000010100000101010101010000010101010101000000000101
0001010000010100000000010101010000000001010101010101010101010100000000010101010000000001010000010100
0101010101010101000001010000010100000101000000000000000000000101000001010000010100000101010101010101
0000000000000001010101010101010101010101010000000000000000010101010101010101010101010100000000000000
0000000000000101000000000000000000000000010100000000000001010000000000000000000000000101000000000000
0000000000010101010000000000000000000001010101000000000101010100000000000000000000010101010000000000
0000000001010000010100000000000000000101000001010000010100000101000000000000000001010000010100000000
0000000101010101010101000000000000010101010101010101010101010101010000000000000101010101010101000000
0000010100000000000001010000000001010000000000000000000000000000010100000000010100000000000001010000
0001010101000000000101010100000101010100000000000000000000000001010101000001010101000000000101010100
0101000001010000010100000101010100000101000000000000000000000101000001010101000001010000010100000101
0001010101010101010101010100000101010101010000000000000000010101010101000001010101010101010101010100
0101000000000000000000000101010100000000010100000000000001010000000001010101000000000000000000000101
0001010000000000000000010100000101000001010101000000000101010100000101000001010000000000000000010100
0101010100000000000001010101010101010101000001010000010100000101010101010101010100000000000001010101
0000000101000000000101000000000000000001010101010101010101010100000000000000000101000000000101000000
0000010101010000010101010000000000000101000000000000000000000101000000000000010101010000010101010000
0001010000010101010000010100000000010101010000000000000000010101010000000001010000010101010000010100
0101010101010000010101010101000001010000010100000000000001010000010100000101010101010000010101010101
0000000000010101010000000001010101010101010101000000000101010101010101010100000000010101010000000000
0000000001010000010100000101000000000000000001010000010100000000000000000101000001010000010100000000
0000000101010101010101010101010000000000000101010101010101000000000000010101010101010101010101000000
0000010100000000000000000000010100000000010100000000000001010000000001010000000000000000000001010000
0001010101000000000000000001010101000001010101000000000101010100000101010100000000000000000101010100
0101000001010000000000000101000001010101000001010000010100000101010100000101000000000000010100000101
0001010101010100000000010101010101000001010101010101010101010100000101010101010000000001010101010100
0101000000000101000001010000000001010101000000000000000000000101010100000000010100000101000000000101
0001010000010101010101010100000101000001010000000000000000010100000101000001010101010101010000010100
0101010101010000000000000101010101010101010100000000000001010101010101010101000000000000010101010101
0000000000010100000000010100000000000000000101000000000101000000000000000001010000000001010000000000
0000000001010101000001010101000000000000010101010000010101010000000000000101010100000101010100000000
0000000101000001010101000001010000000001010000010101010000010100000000010100000101010100000101000000
0000010101010101000001010101010100000101010101010000010101010101000001010101010100000101010101010000
0001010000000001010101000000000101010100000000010101010000000001010101000000000101010100000000010100
0101010100000101000001010000010100000101000001010000010100000101000001010000010100000101000001010101
0000000101010101010101010101010101010101010101010101010101010101010101010101010101010101010101000000
0000010100000000000000000000000000000000000000000000000000000000000000000000000000000000000001010000
0001010101000000000000000000000000000000000000000000000000000000000000000000000000000000000101010100
0101000001010000000000000000000000000000000000000000000000000000000000000000000000000000010100000101
0001010101010100000000000000000000000000000000000000000000000000000000000000000000000001010101010100
0101000000000101000000000000000000000000000000000000000000000000000000000000000000000101000000000101
0001010000010101010000000000000000000000000000000000000000000000000000000000000000010101010000010100
0101010101010000010100000000000000000000000000000000000000000000000000000000000001010000010101010101
0000000000010101010101000000000000000000000000000000000000000000000000000000000101010101010000000000
0000000001010000000001010000000000000000000000000000000000000000000000000000010100000000010100000000
0000000101010100000101010100000000000000000000000000000000000000000000000001010101000001010101000000
0000010100000101010100000101000000000000000000000000000000000000000000000101000001010101000001010000
0001010101010100000101010101010000000000000000000000000000000000000000010101010101000001010101010100
0101000000000101010100000000010100000000000000000000000000000000000001010000000001010101000000000101
0001010000010100000101000001010101000000000000000000000000000000000101010100000101000001010000010100
0101010101010101010101010101000001010000000000000000000000000000010100000101010101010101010101010101
0000000000000000000000000001010101010100000000000000000000000001010101010100000000000000000000000000
0000000000000000000000000101000000000101000000000000000000000101000000000101000000000000000000000000
0000000000000000000000010101010000010101010000000000000000010101010000010101010000000000000000000000
0000000000000000000001010000010101010000010100000000000001010000010101010000010100000000000000000000
0000000000000000000101010101010000010101010101000000000101010101010000010101010101000000000000000000
0000000000000000010100000000010101010000000001010000010100000000010101010000000001010000000000000000
0000000000000001010101000001010000010100000101010101010101000001010000010100000101010100000000000000
0000000000000101000001010101010101010101010100000000000001010101010101010101010100000101000000000000
0000000000010101010101000000000000000000000101000000000101000000000000000000000101010101010000000000
0000000001010000000001010000000000000000010101010000010101010000000000000000010100000000010100000000
0000000101010100000101010100000000000001010000010101010000010100000000000001010101000001010101000000
0000010100000101010100000101000000000101010101010000010101010101000000000101000001010101000001010000
0001010101010100000101010101010000010100000000010101010000000001010000010101010101000001010101010100
0101000000000101010100000000010101010101000001010000010100000101010101010000000001010101000000000101
0001010000010100000101000001010000000001010101010101010101010100000000010100000101000001010000010100
0101010101010101010101010101010100000101000000000000000000000101000001010101010101010101010101010101
0000000000000000000000000000000101010101010000000000000000010101010101000000000000000000000000000000
0000000000000000000000000000010100000000010100000000000001010000000001010000000000000000000000000000
0000000000000000000000000001010101000001010101000000000101010100000101010100000000000000000000000000
0000000000000000000000000101000001010101000001010000010100000101010100000101000000000000000000000000
0000000000000000000000010101010101000001010101010101010101010100000101010101010000000000000000000000
0000000000000000000001010000000001010101000000000000000000000101010100000000010100000000000000000000
0000000000000000000101010100000101000001010000000000000000010100000101000001010101000000000000000000
0000000000000000010100000101010101010101010100000000000001010101010101010101000001010000000000000000
0000000000000001010101010100000000000000000101000000000101000000000000000001010101010100000000000000
0000000000000101000000000101000000000000010101010000010101010000000000000101000000000101000000000000
0000000000010101010000010101010000000001010000010101010000010100000000010101010000010101010000000000
0000000001010000010101010000010100000101010101010000010101010101000001010000010101010000010100000000
0000000101010101010000010101010101010100000000010101010000000001010101010101010000010101010101000000
0000010100000000010101010000000000000101000001010000010100000101000000000000010101010000000001010000
0001010101000001010000010100000000010101010101010101010101010101010000000001010000010100000101010100
0101000001010101010101010101000001010000000000000000000000000000010100000101010101010101010100000101
0001010101000000000000000001010101010100000000000000000000000001010101010100000000000000000101010100
0101000001010000000000000101000000000101000000000000000000000101000000000101000000000000010100000101
0001010101010100000000010101010000010101010000000000000000010101010000010101010000000001010101010100
0101000000000101000001010000010101010000010100000000000001010000010101010000010100000101000000000101
0001010000010101010101010101010000010101010101000000000101010101010000010101010101010101010000010100
0101010101010000000000000000010101010000000001010000010100000000010101010000000000000000010101010101
0000000000010100000000000001010000010100000101010101010101000001010000010100000000000001010000000000
0000000001010101000000000101010101010101010100000000000001010101010101010101000000000101010100000000
0000000101000001010000010100000000000000000101000000000101000000000000000001010000010100000101000000
0000010101010101010101010101000000000000010101010000010101010000000000000101010101010101010101010000
0001010000000000000000000001010000000001010000010101010000010100000000010100000000000000000000010100
0101010100000000000000000101010100000101010101010000010101010101000001010101000000000000000001010101
0000000101000000000000010100000101010100000000010101010000000001010101000001010000000000000101000000
0000010101010000000001010101010100000101000001010000010100000101000001010101010100000000010101010000
0001010000010100000101000000000101010101010101010101010101010101010101000000000101000001010000010100
0101010101010101010101010000010100000000000000000000000000000000000001010000010101010101010101010101
0000000000000000000000010101010101000000000000000000000000000000000101010101010000000000000000000000
0000000000000000000001010000000001010000000000000000000000000000010100000000010100000000000000000000
0000000000000000000101010100000101010100000000000000000000000001010101000001010101000000000000000000
0000000000000000010100000101010100000101000000000000000000000101000001010101000001010000000000000000
0000000000000001010101010100000101010101010000000000000000010101010101000001010101010100000000000000
0000000000000101000000000101010100000000010100000000000001010000000001010101000000000101000000000000
0000000000010101010000010100000101000001010101000000000101010100000101000001010000010101010000000000
0000000001010000010101010101010101010101000001010000010100000101010101010101010101010000010100000000
0000000101010101010000000000000000000001010101010101010101010100000000000000000000010101010101000000
